7232725372
8815536433
7352079052
4410427501
2213975393
6474349658
1075010897
8920265090
2854123002
6557414750
1460441913
3917966647
1541224998
3034857348
1331457305
9218030959
9323830306
5522621700
2544779376
3007534263
6278470987
4539617443
2344028285
4057150515
7585453791
2704949696
9503358718
1841825852
9337476186
7657004431
3719918994
8450603296
3912066005
2718439388
6751940261
9417392879
9791832290
1635454389
5249867220
8258438184
5805255336
3442180645
7491679986
1495699391
9160889771
7126523998
2511040887
9775270920
5465210947
7258548816
6736282045
8793903210
5925770944
6880818074
7884292846
9329132928
3298634755
